340.6716003417969
179.90274047851562
137.13265991210938
120.52609252929688
114.48307037353516
108.53812408447266
104.44229125976562
102.03519439697266
99.48157501220703
98.21297454833984
96.74949645996094
95.2815170288086
94.17858123779297
93.23684692382812
92.34510040283203
91.66043090820312
90.96733093261719
90.15174102783203
89.66609954833984
89.24810028076172
88.7386245727539
88.26856231689453
87.84124755859375
87.43805694580078
87.0234375
86.711669921875
86.31426239013672
86.06269836425781
85.73412322998047
85.42692565917969
85.06710052490234
84.84732818603516
84.51075744628906
84.39165496826172
84.04505157470703
83.73624420166016
83.656494140625
83.42091369628906
83.34115600585938
83.11743927001953
82.91670227050781
82.67652130126953
82.54904174804688
82.37039184570312
82.26203918457031
82.09940338134766
82.11641693115234
81.92269897460938
81.89543914794922
81.62921905517578
81.42454528808594
81.36119842529297
81.30289459228516
81.22489929199219
81.26897430419922
81.18150329589844
81.22603607177734
81.07477569580078
80.88423919677734
80.7474136352539
80.58950805664062
80.67312622070312
80.61288452148438
80.56178283691406
80.3375244140625
80.29066467285156
80.25037384033203
80.250244140625
80.18193817138672
80.10327911376953
80.09367370605469
79.95941925048828
79.95136260986328
79.85289001464844
79.8044204711914
79.83721160888672
79.81806945800781
79.87682342529297
79.8710708618164
79.88236236572266
79.8960952758789
80.08550262451172
79.94152069091797
79.75030517578125
79.34827423095703
79.44609832763672
79.79793548583984
79.66337585449219
79.43295288085938
79.31340789794922
79.42886352539062
79.38127136230469
79.26545715332031
79.35399627685547
79.2694320678711
79.22296142578125
79.19451904296875
79.23812866210938
79.13847351074219
79.0136947631836
79.0400619506836
79.12421417236328
78.96051025390625
78.9744873046875
79.35676574707031
79.29917907714844
79.83065795898438
79.4559555053711
78.9853515625
78.90242004394531
79.14915466308594
79.21749877929688
78.74635314941406
78.9425277709961
79.00788879394531
78.88838195800781
78.89656066894531
78.7787857055664
78.7572021484375
78.65512084960938
78.71944427490234
78.68084716796875
78.62484741210938
78.60631561279297
78.65218353271484
78.58812713623047
78.4430923461914
78.49799346923828
78.49696350097656
78.71691131591797
78.5501937866211
78.4780044555664
78.39324951171875
78.37126922607422
78.4619140625
78.38064575195312
78.36190795898438
78.36478424072266
78.36810302734375
78.40711975097656
78.42915344238281
78.28746795654297
78.25569915771484
78.24799346923828
78.12218475341797
78.25199127197266
78.36962127685547
78.2750244140625
78.31261444091797
78.09190368652344
78.1883773803711
78.1573486328125
78.10514068603516
78.22174072265625
78.17118072509766
78.0925064086914
77.96565246582031
77.96874237060547
78.11182403564453
77.9346694946289
77.90660095214844
77.79150390625
77.9269027709961
77.89945983886719
77.82579803466797
77.92647552490234
77.93599700927734
77.8929214477539
77.78981018066406
77.81372833251953
77.99370574951172
78.07444763183594
77.98162078857422
77.960693359375
78.1379165649414
78.16495513916016
78.4019775390625
78.18683624267578
78.22888946533203
78.14664459228516
78.30081939697266
78.40990447998047
78.32913970947266
78.63603973388672
78.43486785888672
78.42302703857422
78.38850402832031
78.4781265258789
78.4546127319336
78.29655456542969
78.18397521972656
78.32821655273438
78.34780883789062
78.2005615234375
78.08576965332031
77.82554626464844
77.75038146972656
77.7847900390625
77.82410430908203
77.76588439941406
77.63451385498047
77.51884460449219
77.5301513671875
77.53189849853516
77.44371032714844
77.4237289428711
77.28044891357422
77.38143920898438
77.35392761230469
77.28054809570312
77.2177734375
77.24584197998047
77.27313232421875
77.14691162109375
77.15544891357422
77.24190521240234
77.19581604003906
77.13365173339844
77.11885833740234
77.0368423461914
77.0849609375
77.15290832519531
77.12792205810547
77.16151428222656
77.13445281982422
77.18907165527344
77.21530151367188
77.345458984375
77.43667602539062
77.50055694580078
77.38877868652344
77.39266967773438
77.22391510009766
77.57167053222656
77.62373352050781
77.69844055175781
77.30364990234375
77.35212707519531
77.3700180053711
77.453125
77.32776641845703
77.3692855834961
77.55977630615234
77.35076141357422
77.45732116699219
77.48571014404297
77.43977355957031
77.46710968017578
77.53388977050781
77.69123077392578
77.4421615600586
77.4388427734375
77.52140808105469
77.67806243896484
77.96461486816406
78.10749816894531
77.80330657958984
77.6155014038086
78.3250503540039
77.90174865722656
77.75579071044922
77.9639892578125
77.97291564941406
77.97443389892578
78.1606674194336
77.84224700927734
77.86898040771484
77.77838897705078
78.01309204101562
77.79869842529297
77.73165130615234
77.92363739013672
77.86558532714844
77.594970703125
77.42976379394531
77.47862243652344
77.50267028808594
77.33777618408203
77.28945922851562
77.4013442993164
77.26721954345703
77.23593139648438
77.2559814453125
77.30066680908203
77.18868255615234
77.18045806884766
77.20219421386719
77.18206787109375
77.18080139160156
77.09754180908203
77.02543640136719
77.14543151855469
76.88176727294922
76.9498291015625
77.00479888916016
77.04186248779297
76.9831771850586
76.88389587402344
77.01936340332031
76.99300384521484
76.83735656738281
76.94092559814453
76.92070770263672
76.9501724243164
76.8643798828125
76.84417724609375
76.81476593017578
76.8322982788086
76.88325500488281
76.85604095458984
76.90296936035156
76.8291015625
76.7800521850586
76.85651397705078
76.83617401123047
76.80846405029297
76.80952453613281
76.76261901855469
76.72232818603516
76.78606414794922
76.77001953125
76.70195770263672
76.76581573486328
76.74703979492188
76.73577117919922
76.6463851928711
76.7378158569336
76.71076202392578
76.78704833984375
76.65951538085938
76.75676727294922
76.66242980957031
76.65815734863281
76.68883514404297
76.60983276367188
76.70233917236328
76.7095718383789
76.7054443359375
76.63896942138672
76.66163635253906
76.71028900146484
76.50118255615234
76.67103576660156
76.6085433959961
76.6225357055664
76.6041259765625
76.69914245605469
76.611328125
76.62872314453125
76.56827545166016
76.52985382080078
76.6037826538086
76.58438110351562
76.6151123046875
76.52680206298828
76.73709106445312
76.55463409423828
76.58985900878906
76.5752182006836
76.61717224121094
76.51499938964844
76.55101013183594
76.54458618164062
76.5743637084961
76.56117248535156
76.46830749511719
76.63433837890625
76.61282348632812
76.75303649902344
76.53807067871094
76.56534576416016
76.57887268066406
76.56369018554688
76.50995635986328
76.55829620361328
76.5749740600586
76.60585021972656
76.45325469970703
76.57980346679688
76.50697326660156
76.43712615966797
76.49822235107422
76.5762939453125
76.43191528320312
76.48741912841797
76.53697967529297
76.48406219482422
76.48146057128906
76.45355224609375
76.49417877197266
76.48188781738281
76.44325256347656
76.54132080078125
76.35013580322266
76.4265365600586
76.41858673095703
76.38943481445312
76.39521026611328
76.39424896240234
76.4096908569336
76.36404418945312
76.38812255859375
76.48734283447266
76.44989776611328
76.38839721679688
76.35519409179688
76.38941192626953
76.42585754394531
76.50546264648438
76.39246368408203
76.42715454101562
76.29781341552734
76.42034912109375
76.46560668945312
76.56442260742188
76.34239959716797
76.474609375
76.3263931274414
76.40237426757812
76.4098129272461
76.36465454101562
76.44622039794922
76.44313049316406
76.37247467041016
76.35851287841797
76.40805053710938
76.32906341552734
76.4548110961914
76.44290161132812
76.46849822998047
76.35658264160156
76.38630676269531
76.26332092285156
76.39480590820312
76.34546661376953
76.24927520751953
76.44852447509766
76.32270812988281
76.35857391357422
76.37507629394531
76.30931091308594
76.34261322021484
76.32001495361328
76.35197448730469
76.30398559570312
76.31755065917969
76.3566665649414
76.37120056152344
76.33483123779297
76.43258666992188
76.2389907836914
76.25418853759766
76.31295013427734
76.29377746582031
76.26018524169922
76.31275939941406
76.33842468261719
76.29267120361328
76.32158660888672
76.28361511230469
76.36872863769531
76.3462142944336
76.23625183105469
76.3715591430664
76.35954284667969
76.30646514892578
76.40118408203125
76.3679428100586
76.3405990600586
76.27608489990234
76.4407958984375
76.32752227783203
76.36679077148438
76.25638580322266
76.26979064941406
76.42474365234375
76.29206848144531
76.28491973876953
76.23640441894531
76.24968719482422
76.1688003540039
76.24668884277344
76.16400146484375
76.24234771728516
76.24658203125
76.36934661865234
76.19926452636719
76.29927062988281
76.18772888183594
76.2646484375
76.16645812988281
76.17251586914062
76.12047576904297
76.17172241210938
76.16205596923828
76.18848419189453
76.1189193725586
76.06714630126953
76.12411499023438
76.14340209960938
76.17025756835938
76.2544174194336
76.12310791015625
76.19428253173828
76.07833099365234
76.25297546386719
76.17650604248047
76.17547607421875
76.12816619873047
76.13151550292969
76.21663665771484
76.18740844726562
76.12651824951172
76.15583038330078
76.13157653808594
76.16618347167969
76.13934326171875
76.08914947509766
76.13533782958984
76.09398651123047
76.10733032226562
76.05310821533203
76.12779235839844
76.00820922851562
76.170654296875
76.19303894042969
76.04415893554688
76.03800964355469
76.04353332519531
76.15642547607422
76.06242370605469
76.09412384033203
75.95927429199219
76.0621566772461
76.09471893310547
76.03955078125
76.00761413574219
76.05419158935547
75.9813461303711
76.10261535644531
76.0258560180664
75.88274383544922
75.99456787109375
75.99083709716797
76.07984924316406
76.0973129272461
76.10527038574219
76.06962585449219
76.01171875
75.95735168457031
75.98414611816406
76.0767822265625
75.96966552734375
76.11077880859375
75.97367095947266
76.09738159179688
76.08103942871094
76.11853790283203
75.87992095947266
75.89372253417969
75.97986602783203
75.8741683959961
75.93034362792969
75.79154205322266
76.06493377685547
76.05091857910156
75.94829559326172
75.94100952148438
75.92789459228516
75.94039154052734
75.95263671875
75.98367309570312
75.9664306640625
75.88475799560547
75.93404388427734
75.87596893310547
75.89239501953125
75.93484497070312
75.78921508789062
75.9030532836914
75.95011138916016
75.96339416503906
75.84008026123047
75.90203857421875
75.9315185546875
75.92437744140625
75.95297241210938
75.78685760498047
75.81932067871094
75.91820526123047
75.81854248046875
75.81884765625
75.892578125
75.779052734375
75.91724395751953
75.73950958251953
75.8501205444336
75.85708618164062
75.76138305664062
75.81535339355469
75.84908294677734
75.74258422851562
75.75453186035156
75.89382934570312
75.8736343383789
75.65997314453125
75.8833999633789
75.94297790527344
75.62051391601562
75.75953674316406
75.86267852783203
75.85321807861328
75.89309692382812
75.81598663330078
75.93499755859375
75.70257568359375
75.7553482055664
75.71674346923828
75.71875
75.73746490478516
75.7088394165039
75.68963623046875
75.68720245361328
75.75970458984375
75.72593688964844
75.82070922851562
75.68685913085938
75.86893463134766
75.713134765625
75.68335723876953
75.69319152832031
75.68480682373047
75.74658966064453
75.80038452148438
75.59571075439453
75.65660858154297
75.78337097167969
75.64806365966797
75.68045043945312
75.73226928710938
75.72196960449219
75.72013092041016
75.66284942626953
75.75114440917969
75.64096069335938
75.79154968261719
75.66845703125
75.52066802978516
75.55475616455078
75.66788482666016
75.54483032226562
75.78923797607422
75.72853088378906
75.65731048583984
75.53632354736328
75.7477798461914
75.61701965332031
75.7434310913086
75.61712646484375
75.66473388671875
75.59192657470703
75.65483856201172
75.62608337402344
75.6159439086914
75.60511779785156
75.61325073242188
75.67655181884766
75.56090545654297
75.54078674316406
75.60086822509766
75.56512451171875
75.70406341552734
75.69986724853516
75.65584564208984
75.38899993896484
75.41907501220703
75.52422332763672
75.50271606445312
75.59923553466797
75.6434097290039
75.63411712646484
75.61068725585938
75.47953033447266
75.59197998046875
75.47704315185547
75.53826904296875
75.56912231445312
75.51507568359375
75.57157897949219
75.4841079711914
75.47509002685547
75.40961456298828
75.53162384033203
75.4579086303711
75.6093978881836
75.49161529541016
75.4571304321289
75.58907318115234
75.65348815917969
75.54312133789062
75.50628662109375
75.44448852539062
75.65104675292969
75.48118591308594
75.51221466064453
75.48272705078125
75.41714477539062
75.34822845458984
75.48186492919922
75.59915924072266
75.412109375
75.38441467285156
75.39547729492188
75.34185791015625
75.44485473632812
75.46146392822266
75.43517303466797
75.49012756347656
75.33795928955078
75.5323486328125
75.43290710449219
75.37293243408203
75.47320556640625
75.38127899169922
75.34693908691406
75.44316101074219
75.45531463623047
75.39739990234375
75.38243865966797
75.35650634765625
75.37213897705078
75.3277359008789
75.36925506591797
75.28530883789062
75.35903930664062
75.35595703125
75.30677795410156
75.41358947753906
75.37001037597656
75.31600189208984
75.40351104736328
75.3909683227539
75.51980590820312
75.4432373046875
75.29203796386719
75.50403594970703
75.36083221435547
75.32162475585938
75.36353302001953
75.30919647216797
75.40296173095703
75.33053588867188
75.31940460205078
75.29077911376953
75.2244873046875
75.27175903320312
75.28583526611328
75.33281707763672
75.37715911865234
75.39149475097656
75.1814193725586
75.20169830322266
75.35614776611328
75.29271697998047
75.4450454711914
75.22508239746094
75.24166107177734
75.3546371459961
75.30381774902344
75.34173583984375
75.2489013671875
75.2149429321289
75.28479766845703
75.20275115966797
75.25137329101562
75.23451232910156
75.24790954589844
75.36925506591797
75.12837219238281
75.18179321289062
75.20101165771484
75.29888153076172
75.12065124511719
75.21869659423828
75.19469451904297
75.30525207519531
75.24203491210938
75.06609344482422
75.1801986694336
75.10469055175781
75.05425262451172
75.16558837890625
75.09693145751953
75.28292846679688
75.21465301513672
75.14329528808594
75.17073059082031
75.07801818847656
75.10821533203125
75.22444152832031